[[0.16616821289062503, 0.166278076171875, 0.166827392578125, 0.167816162109375, 0.16935424804687502, 0.171551513671875, 0.17451782226562498, 0.178363037109375, 0.182318115234375, 0.184405517578125, 0.18330688476562504, 0.18023071289062503, 0.176715087890625, 0.173748779296875, 0.171441650390625, 0.169793701171875, 0.16858520507812502, 0.167816162109375, 0.167266845703125, 0.166827392578125, 0.16660766601562502, 0.16638793945312502, 0.166278076171875, 0.166278076171875, 0.16616821289062503, 0.16616821289062503, 0.16616821289062503, 0.16616821289062503, 0.16616821289062503, 0.16616821289062503, 0.16616821289062503, 0.16616821289062503, 0.16616821289062503, 0.16616821289062503, 0.16616821289062503, 0.16616821289062503, 0.16616821289062503, 0.16616821289062503, 0.16616821289062503, 0.16616821289062503, 0.16616821289062503, 0.16616821289062503], [0.166717529296875, 0.166827392578125, 0.16737670898437498, 0.16836547851562503, 0.169793701171875, 0.171990966796875, 0.17506713867187498, 0.17891235351562504, 0.18286743164062502, 0.18495483398437498, 0.183856201171875, 0.18078002929687503, 0.17737426757812502, 0.17440795898437497, 0.17210083007812502, 0.17034301757812503, 0.169244384765625, 0.16836547851562503, 0.167816162109375, 0.16737670898437498, 0.167156982421875, 0.166937255859375, 0.166827392578125, 0.166827392578125, 0.166717529296875, 0.166717529296875, 0.166717529296875, 0.166717529296875, 0.166717529296875, 0.166717529296875, 0.166717529296875, 0.166717529296875, 0.166717529296875, 0.166717529296875, 0.166717529296875, 0.166717529296875, 0.166717529296875, 0.166717529296875, 0.166717529296875, 0.166717529296875, 0.166717529296875, 0.166717529296875], [0.16770629882812502, 0.167816162109375, 0.16836547851562503, 0.169244384765625, 0.170672607421875, 0.172869873046875, 0.175946044921875, 0.17979125976562502, 0.18374633789062503, 0.18594360351562503, 0.184844970703125, 0.18176879882812502, 0.178363037109375, 0.17539672851562502, 0.173089599609375, 0.171441650390625, 0.17023315429687502, 0.16935424804687502, 0.16880493164062502, 0.16836547851562503, 0.168145751953125, 0.167926025390625, 0.167816162109375, 0.167816162109375, 0.16770629882812502, 0.16770629882812502, 0.16770629882812502, 0.16770629882812502, 0.16770629882812502, 0.16770629882812502, 0.16770629882812502, 0.16770629882812502, 0.16770629882812502, 0.16770629882812502, 0.16770629882812502, 0.16770629882812502, 0.16770629882812502, 0.16770629882812502, 0.16770629882812502, 0.16770629882812502, 0.16770629882812502, 0.16770629882812502], [0.169134521484375, 0.16935424804687502, 0.169793701171875, 0.170672607421875, 0.171990966796875, 0.17418823242187498, 0.177264404296875, 0.18110961914062504, 0.18528442382812502, 0.187371826171875, 0.18638305664062502, 0.18341674804687502, 0.17990112304687503, 0.176934814453125, 0.174627685546875, 0.17297973632812502, 0.17177124023437498, 0.170892333984375, 0.17034301757812503, 0.16990356445312502, 0.16968383789062502, 0.16946411132812503, 0.16935424804687502, 0.169244384765625, 0.169244384765625, 0.169244384765625, 0.169244384765625, 0.169244384765625, 0.169134521484375, 0.169134521484375, 0.169134521484375, 0.169134521484375, 0.169134521484375, 0.169134521484375, 0.169134521484375, 0.169134521484375, 0.169134521484375, 0.169134521484375, 0.169134521484375, 0.169134521484375, 0.169134521484375, 0.169134521484375], [0.171331787109375, 0.171551513671875, 0.171990966796875, 0.172869873046875, 0.17418823242187498, 0.17616577148437498, 0.17913208007812503, 0.18308715820312502, 0.187371826171875, 0.18956909179687503, 0.18869018554687503, 0.185614013671875, 0.182208251953125, 0.17924194335937502, 0.176934814453125, 0.175177001953125, 0.17396850585937498, 0.173089599609375, 0.172540283203125, 0.17210083007812502, 0.171881103515625, 0.171661376953125, 0.171551513671875, 0.171441650390625, 0.171441650390625, 0.171441650390625, 0.171441650390625, 0.171331787109375, 0.171331787109375, 0.171331787109375, 0.171331787109375, 0.171331787109375, 0.171331787109375, 0.171331787109375, 0.171331787109375, 0.171331787109375, 0.171331787109375, 0.171331787109375, 0.171331787109375, 0.171331787109375, 0.171331787109375, 0.171331787109375], [0.17440795898437497, 0.17451782226562498, 0.17506713867187498, 0.175946044921875, 0.177264404296875, 0.17913208007812503, 0.181878662109375, 0.18594360351562503, 0.19022827148437502, 0.19253540039062503, 0.19176635742187503, 0.18880004882812504, 0.185394287109375, 0.182318115234375, 0.18001098632812504, 0.17825317382812503, 0.17704467773437502, 0.17616577148437498, 0.175506591796875, 0.175177001953125, 0.174847412109375, 0.174737548828125, 0.174627685546875, 0.17451782226562498, 0.17440795898437497, 0.17440795898437497, 0.17440795898437497, 0.17440795898437497, 0.17440795898437497, 0.17440795898437497, 0.17440795898437497, 0.17440795898437497, 0.17440795898437497, 0.17440795898437497, 0.17440795898437497, 0.17440795898437497, 0.17440795898437497, 0.17440795898437497, 0.17440795898437497, 0.17440795898437497, 0.17440795898437497, 0.17440795898437497], [0.17814331054687502, 0.178363037109375, 0.17891235351562504, 0.17979125976562502, 0.18110961914062504, 0.18308715820312502, 0.18594360351562503, 0.18945922851562505, 0.19385375976562505, 0.19627075195312502, 0.195611572265625, 0.192645263671875, 0.18923950195312503, 0.186273193359375, 0.183856201171875, 0.182098388671875, 0.18088989257812504, 0.18001098632812504, 0.17935180664062503, 0.17891235351562504, 0.17869262695312502, 0.17847290039062502, 0.178363037109375, 0.178363037109375, 0.17825317382812503, 0.17825317382812503, 0.17825317382812503, 0.17825317382812503, 0.17825317382812503, 0.17825317382812503, 0.17825317382812503, 0.17814331054687502, 0.17814331054687502, 0.17814331054687502, 0.17814331054687502, 0.17814331054687502, 0.17814331054687502, 0.17814331054687502, 0.17814331054687502, 0.17814331054687502, 0.17814331054687502, 0.17814331054687502], [0.182098388671875, 0.182318115234375, 0.18286743164062502, 0.18374633789062503, 0.18528442382812502, 0.187371826171875, 0.19022827148437502, 0.19385375976562505, 0.19780883789062503, 0.20022583007812503, 0.199456787109375, 0.19649047851562504, 0.19308471679687503, 0.19011840820312503, 0.18770141601562504, 0.186053466796875, 0.184735107421875, 0.183856201171875, 0.18330688476562504, 0.18286743164062502, 0.18264770507812503, 0.182427978515625, 0.182318115234375, 0.182318115234375, 0.182208251953125, 0.182208251953125, 0.182208251953125, 0.182208251953125, 0.182208251953125, 0.182208251953125, 0.182098388671875, 0.182098388671875, 0.182098388671875, 0.182098388671875, 0.182098388671875, 0.182098388671875, 0.182098388671875, 0.182098388671875, 0.182098388671875, 0.182098388671875, 0.182098388671875, 0.182098388671875], [0.18418579101562502, 0.184405517578125, 0.18495483398437498, 0.18594360351562503, 0.187371826171875, 0.18956909179687503, 0.19253540039062503, 0.19627075195312502, 0.20022583007812503, 0.202423095703125, 0.20110473632812503, 0.19791870117187502, 0.19451293945312503, 0.19154663085937504, 0.18934936523437504, 0.18770141601562504, 0.186602783203125, 0.18583374023437502, 0.18528442382812502, 0.184844970703125, 0.184625244140625, 0.184515380859375, 0.184405517578125, 0.184295654296875, 0.184295654296875, 0.184295654296875, 0.184295654296875, 0.184295654296875, 0.184295654296875, 0.184295654296875, 0.18418579101562502, 0.18418579101562502, 0.18418579101562502, 0.18418579101562502, 0.18418579101562502, 0.18418579101562502, 0.18418579101562502, 0.18418579101562502, 0.18418579101562502, 0.18418579101562502, 0.18418579101562502, 0.18418579101562502], [0.18308715820312502, 0.18330688476562504, 0.183856201171875, 0.184844970703125, 0.18638305664062502, 0.18869018554687503, 0.19176635742187503, 0.195611572265625, 0.199456787109375, 0.20110473632812503, 0.199786376953125, 0.19671020507812503, 0.19330444335937502, 0.19044799804687504, 0.188250732421875, 0.186602783203125, 0.185394287109375, 0.184625244140625, 0.184075927734375, 0.18374633789062503, 0.18352661132812503, 0.18330688476562504, 0.18330688476562504, 0.18319702148437503, 0.18319702148437503, 0.18308715820312502, 0.18308715820312502, 0.18308715820312502, 0.18308715820312502, 0.18308715820312502, 0.18308715820312502, 0.18308715820312502, 0.18308715820312502, 0.18308715820312502, 0.18308715820312502, 0.18308715820312502, 0.18308715820312502, 0.18308715820312502, 0.18308715820312502, 0.18308715820312502, 0.18308715820312502, 0.18308715820312502], [0.18001098632812504, 0.18023071289062503, 0.18078002929687503, 0.18176879882812502, 0.18341674804687502, 0.185614013671875, 0.18880004882812504, 0.192645263671875, 0.19649047851562504, 0.19791870117187502, 0.19671020507812503, 0.19297485351562502, 0.18967895507812504, 0.18693237304687502, 0.184844970703125, 0.18330688476562504, 0.182208251953125, 0.18143920898437502, 0.18088989257812504, 0.18056030273437504, 0.18034057617187502, 0.18023071289062503, 0.18012084960937502, 0.18012084960937502, 0.18001098632812504, 0.18001098632812504, 0.18001098632812504, 0.18001098632812504, 0.18001098632812504, 0.18001098632812504, 0.18001098632812504, 0.18001098632812504, 0.18001098632812504, 0.18001098632812504, 0.18001098632812504, 0.18001098632812504, 0.18001098632812504, 0.18001098632812504, 0.18001098632812504, 0.18001098632812504, 0.18001098632812504, 0.18001098632812504], [0.17649536132812502, 0.176715087890625, 0.17737426757812502, 0.178363037109375, 0.17990112304687503, 0.182208251953125, 0.185394287109375, 0.18923950195312503, 0.19308471679687503, 0.19451293945312503, 0.19330444335937502, 0.18967895507812504, 0.18583374023437502, 0.18319702148437503, 0.18110961914062504, 0.179681396484375, 0.17869262695312502, 0.177923583984375, 0.177484130859375, 0.17715454101562503, 0.176934814453125, 0.176824951171875, 0.176715087890625, 0.176605224609375, 0.176605224609375, 0.176605224609375, 0.176605224609375, 0.176605224609375, 0.176605224609375, 0.176605224609375, 0.176605224609375, 0.17649536132812502, 0.17649536132812502, 0.17649536132812502, 0.17649536132812502, 0.17649536132812502, 0.17649536132812502, 0.17649536132812502, 0.17649536132812502, 0.17649536132812502, 0.17649536132812502, 0.17649536132812502], [0.173529052734375, 0.173748779296875, 0.17440795898437497, 0.17539672851562502, 0.176934814453125, 0.17924194335937502, 0.182318115234375, 0.186273193359375, 0.19011840820312503, 0.19154663085937504, 0.19044799804687504, 0.18693237304687502, 0.18319702148437503, 0.18012084960937502, 0.178033447265625, 0.176605224609375, 0.175616455078125, 0.174957275390625, 0.17440795898437497, 0.17418823242187498, 0.17396850585937498, 0.173858642578125, 0.173748779296875, 0.173638916015625, 0.173638916015625, 0.173638916015625, 0.173638916015625, 0.173638916015625, 0.173638916015625, 0.173638916015625, 0.173638916015625, 0.173529052734375, 0.173529052734375, 0.173529052734375, 0.173529052734375, 0.173529052734375, 0.173529052734375, 0.173529052734375, 0.173529052734375, 0.173529052734375, 0.173529052734375, 0.173529052734375], [0.171331787109375, 0.171441650390625, 0.17210083007812502, 0.173089599609375, 0.174627685546875, 0.176934814453125, 0.18001098632812504, 0.183856201171875, 0.18770141601562504, 0.18934936523437504, 0.188250732421875, 0.184844970703125, 0.18110961914062504, 0.178033447265625, 0.175726318359375, 0.174298095703125, 0.173309326171875, 0.17265014648437502, 0.17210083007812502, 0.171881103515625, 0.171661376953125, 0.171551513671875, 0.171441650390625, 0.171331787109375, 0.171331787109375, 0.171331787109375, 0.171331787109375, 0.171331787109375, 0.171331787109375, 0.171331787109375, 0.171331787109375, 0.171331787109375, 0.171331787109375, 0.171331787109375, 0.171331787109375, 0.171331787109375, 0.171331787109375, 0.171331787109375, 0.171331787109375, 0.171331787109375, 0.171331787109375, 0.171331787109375], [0.169573974609375, 0.169793701171875, 0.17034301757812503, 0.171441650390625, 0.17297973632812502, 0.175177001953125, 0.17825317382812503, 0.182098388671875, 0.186053466796875, 0.18770141601562504, 0.186602783203125, 0.18330688476562504, 0.179681396484375, 0.176605224609375, 0.174298095703125, 0.17265014648437502, 0.171661376953125, 0.170892333984375, 0.17045288085937502, 0.17012329101562504, 0.16990356445312502, 0.169793701171875, 0.169793701171875, 0.16968383789062502, 0.16968383789062502, 0.16968383789062502, 0.169573974609375, 0.169573974609375, 0.169573974609375, 0.169573974609375, 0.169573974609375, 0.169573974609375, 0.169573974609375, 0.169573974609375, 0.169573974609375, 0.169573974609375, 0.169573974609375, 0.169573974609375, 0.169573974609375, 0.169573974609375, 0.169573974609375, 0.169573974609375], [0.16836547851562503, 0.16858520507812502, 0.169244384765625, 0.17023315429687502, 0.17177124023437498, 0.17396850585937498, 0.17704467773437502, 0.18088989257812504, 0.184735107421875, 0.186602783203125, 0.185394287109375, 0.182208251953125, 0.17869262695312502, 0.175616455078125, 0.173309326171875, 0.171661376953125, 0.17045288085937502, 0.169793701171875, 0.169244384765625, 0.168914794921875, 0.16880493164062502, 0.16858520507812502, 0.16858520507812502, 0.168475341796875, 0.168475341796875, 0.168475341796875, 0.168475341796875, 0.168475341796875, 0.16836547851562503, 0.16836547851562503, 0.16836547851562503, 0.16836547851562503, 0.16836547851562503, 0.16836547851562503, 0.16836547851562503, 0.16836547851562503, 0.16836547851562503, 0.16836547851562503, 0.16836547851562503, 0.16836547851562503, 0.16836547851562503, 0.16836547851562503], [0.167596435546875, 0.167816162109375, 0.16836547851562503, 0.16935424804687502, 0.170892333984375, 0.173089599609375, 0.17616577148437498, 0.18001098632812504, 0.183856201171875, 0.18583374023437502, 0.184625244140625, 0.18143920898437502, 0.177923583984375, 0.174957275390625, 0.17265014648437502, 0.170892333984375, 0.169793701171875, 0.168914794921875, 0.168475341796875, 0.168145751953125, 0.167926025390625, 0.167816162109375, 0.16770629882812502, 0.16770629882812502, 0.167596435546875, 0.167596435546875, 0.167596435546875, 0.167596435546875, 0.167596435546875, 0.167596435546875, 0.167596435546875, 0.167596435546875, 0.167596435546875, 0.167596435546875, 0.167596435546875, 0.167596435546875, 0.167596435546875, 0.167596435546875, 0.167596435546875, 0.167596435546875, 0.167596435546875, 0.167596435546875], [0.167047119140625, 0.167266845703125, 0.167816162109375, 0.16880493164062502, 0.17034301757812503, 0.172540283203125, 0.175506591796875, 0.17935180664062503, 0.18330688476562504, 0.18528442382812502, 0.184075927734375, 0.18088989257812504, 0.177484130859375, 0.17440795898437497, 0.17210083007812502, 0.17045288085937502, 0.169244384765625, 0.168475341796875, 0.167926025390625, 0.167596435546875, 0.16737670898437498, 0.167266845703125, 0.167156982421875, 0.167156982421875, 0.167047119140625, 0.167047119140625, 0.167047119140625, 0.167047119140625, 0.167047119140625, 0.167047119140625, 0.167047119140625, 0.167047119140625, 0.167047119140625, 0.167047119140625, 0.167047119140625, 0.167047119140625, 0.167047119140625, 0.167047119140625, 0.167047119140625, 0.167047119140625, 0.167047119140625, 0.167047119140625], [0.16660766601562502, 0.166827392578125, 0.16737670898437498, 0.16836547851562503, 0.16990356445312502, 0.17210083007812502, 0.175177001953125, 0.17891235351562504, 0.18286743164062502, 0.184844970703125, 0.18374633789062503, 0.18056030273437504, 0.17715454101562503, 0.17418823242187498, 0.171881103515625, 0.17012329101562504, 0.168914794921875, 0.168145751953125, 0.167596435546875, 0.167266845703125, 0.167047119140625, 0.166827392578125, 0.166827392578125, 0.166717529296875, 0.166717529296875, 0.166717529296875, 0.16660766601562502, 0.16660766601562502, 0.16660766601562502, 0.16660766601562502, 0.16660766601562502, 0.16660766601562502, 0.16660766601562502, 0.16660766601562502, 0.16660766601562502, 0.16660766601562502, 0.16660766601562502, 0.16660766601562502, 0.16660766601562502, 0.16660766601562502, 0.16660766601562502, 0.16660766601562502], [0.16638793945312502, 0.16660766601562502, 0.167156982421875, 0.168145751953125, 0.16968383789062502, 0.171881103515625, 0.174847412109375, 0.17869262695312502, 0.18264770507812503, 0.184625244140625, 0.18352661132812503, 0.18034057617187502, 0.176934814453125, 0.17396850585937498, 0.171661376953125, 0.16990356445312502, 0.16880493164062502, 0.167926025390625, 0.16737670898437498, 0.167047119140625, 0.166717529296875, 0.16660766601562502, 0.166497802734375, 0.166497802734375, 0.16638793945312502, 0.16638793945312502, 0.16638793945312502, 0.16638793945312502, 0.16638793945312502, 0.16638793945312502, 0.16638793945312502, 0.16638793945312502, 0.16638793945312502, 0.16638793945312502, 0.16638793945312502, 0.16638793945312502, 0.16638793945312502, 0.16638793945312502, 0.16638793945312502, 0.16638793945312502, 0.16638793945312502, 0.16638793945312502], [0.16616821289062503, 0.16638793945312502, 0.166937255859375, 0.167926025390625, 0.16946411132812503, 0.171661376953125, 0.174737548828125, 0.17847290039062502, 0.182427978515625, 0.184515380859375, 0.18330688476562504, 0.18023071289062503, 0.176824951171875, 0.173858642578125, 0.171551513671875, 0.169793701171875, 0.16858520507812502, 0.167816162109375, 0.167266845703125, 0.166827392578125, 0.16660766601562502, 0.166497802734375, 0.16638793945312502, 0.166278076171875, 0.166278076171875, 0.166278076171875, 0.166278076171875, 0.166278076171875, 0.166278076171875, 0.16616821289062503, 0.16616821289062503, 0.16616821289062503, 0.16616821289062503, 0.16616821289062503, 0.16616821289062503, 0.16616821289062503, 0.16616821289062503, 0.16616821289062503, 0.16616821289062503, 0.16616821289062503, 0.16616821289062503, 0.16616821289062503], [0.16605834960937502, 0.166278076171875, 0.166827392578125, 0.167816162109375, 0.16935424804687502, 0.171551513671875, 0.174627685546875, 0.178363037109375, 0.182318115234375, 0.184405517578125, 0.18330688476562504, 0.18012084960937502, 0.176715087890625, 0.173748779296875, 0.171441650390625, 0.169793701171875, 0.16858520507812502, 0.16770629882812502, 0.167156982421875, 0.166827392578125, 0.166497802734375, 0.16638793945312502, 0.166278076171875, 0.16616821289062503, 0.16616821289062503, 0.16616821289062503, 0.16616821289062503, 0.16616821289062503, 0.16616821289062503, 0.16616821289062503, 0.16616821289062503, 0.16605834960937502, 0.16605834960937502, 0.16605834960937502, 0.16605834960937502, 0.16605834960937502, 0.16605834960937502, 0.16605834960937502, 0.16605834960937502, 0.16605834960937502, 0.16605834960937502, 0.16605834960937502], [0.16605834960937502, 0.166278076171875, 0.166827392578125, 0.167816162109375, 0.169244384765625, 0.171441650390625, 0.17451782226562498, 0.178363037109375, 0.182318115234375, 0.184295654296875, 0.18319702148437503, 0.18012084960937502, 0.176605224609375, 0.173638916015625, 0.171331787109375, 0.16968383789062502, 0.168475341796875, 0.16770629882812502, 0.167156982421875, 0.166717529296875, 0.166497802734375, 0.166278076171875, 0.16616821289062503, 0.16616821289062503, 0.16605834960937502, 0.16605834960937502, 0.16605834960937502, 0.16605834960937502, 0.16605834960937502, 0.16605834960937502, 0.16605834960937502, 0.16605834960937502, 0.16605834960937502, 0.16605834960937502, 0.16605834960937502, 0.16605834960937502, 0.16605834960937502, 0.16605834960937502, 0.16605834960937502, 0.16605834960937502, 0.16605834960937502, 0.16605834960937502], [0.16594848632812503, 0.16616821289062503, 0.166717529296875, 0.16770629882812502, 0.169244384765625, 0.171441650390625, 0.17440795898437497, 0.17825317382812503, 0.182208251953125, 0.184295654296875, 0.18319702148437503, 0.18001098632812504, 0.176605224609375, 0.173638916015625, 0.171331787109375, 0.16968383789062502, 0.168475341796875, 0.167596435546875, 0.167047119140625, 0.166717529296875, 0.16638793945312502, 0.166278076171875, 0.16616821289062503, 0.16605834960937502, 0.16605834960937502, 0.16605834960937502, 0.16605834960937502, 0.16605834960937502, 0.16605834960937502, 0.16594848632812503, 0.16594848632812503, 0.16594848632812503, 0.16594848632812503, 0.16594848632812503, 0.16594848632812503, 0.16594848632812503, 0.16594848632812503, 0.16594848632812503, 0.16594848632812503, 0.16594848632812503, 0.16594848632812503, 0.16594848632812503], [0.16594848632812503, 0.16616821289062503, 0.166717529296875, 0.16770629882812502, 0.169244384765625, 0.171441650390625, 0.17440795898437497, 0.17825317382812503, 0.182208251953125, 0.184295654296875, 0.18308715820312502, 0.18001098632812504, 0.176605224609375, 0.173638916015625, 0.171331787109375, 0.16968383789062502, 0.168475341796875, 0.167596435546875, 0.167047119140625, 0.166717529296875, 0.16638793945312502, 0.166278076171875, 0.16616821289062503, 0.16605834960937502, 0.16605834960937502, 0.16605834960937502, 0.16594848632812503, 0.16594848632812503, 0.16594848632812503, 0.16594848632812503, 0.16594848632812503, 0.16594848632812503, 0.16594848632812503, 0.16594848632812503, 0.16594848632812503, 0.16594848632812503, 0.16594848632812503, 0.16594848632812503, 0.16594848632812503, 0.16594848632812503, 0.16594848632812503, 0.16594848632812503], [0.16594848632812503, 0.16616821289062503, 0.166717529296875, 0.16770629882812502, 0.169244384765625, 0.171441650390625, 0.17440795898437497, 0.17825317382812503, 0.182208251953125, 0.184295654296875, 0.18308715820312502, 0.18001098632812504, 0.176605224609375, 0.173638916015625, 0.171331787109375, 0.169573974609375, 0.168475341796875, 0.167596435546875, 0.167047119140625, 0.16660766601562502, 0.16638793945312502, 0.166278076171875, 0.16616821289062503, 0.16605834960937502, 0.16605834960937502, 0.16594848632812503, 0.16594848632812503, 0.16594848632812503, 0.16594848632812503, 0.16594848632812503, 0.16594848632812503, 0.16594848632812503, 0.16594848632812503, 0.16594848632812503, 0.16594848632812503, 0.16594848632812503, 0.16594848632812503, 0.16594848632812503, 0.16594848632812503, 0.16594848632812503, 0.16594848632812503, 0.16594848632812503], [0.16594848632812503, 0.16616821289062503, 0.166717529296875, 0.16770629882812502, 0.169244384765625, 0.171331787109375, 0.17440795898437497, 0.17825317382812503, 0.182208251953125, 0.184295654296875, 0.18308715820312502, 0.18001098632812504, 0.176605224609375, 0.173638916015625, 0.171331787109375, 0.169573974609375, 0.168475341796875, 0.167596435546875, 0.167047119140625, 0.16660766601562502, 0.16638793945312502, 0.166278076171875, 0.16616821289062503, 0.16605834960937502, 0.16605834960937502, 0.16594848632812503, 0.16594848632812503, 0.16594848632812503, 0.16594848632812503, 0.16594848632812503, 0.16594848632812503, 0.16594848632812503, 0.16594848632812503, 0.16594848632812503, 0.16594848632812503, 0.16594848632812503, 0.16594848632812503, 0.16594848632812503, 0.16594848632812503, 0.16594848632812503, 0.16594848632812503, 0.16594848632812503], [0.16594848632812503, 0.16616821289062503, 0.166717529296875, 0.16770629882812502, 0.169134521484375, 0.171331787109375, 0.17440795898437497, 0.17825317382812503, 0.182208251953125, 0.184295654296875, 0.18308715820312502, 0.18001098632812504, 0.176605224609375, 0.173638916015625, 0.171331787109375, 0.169573974609375, 0.16836547851562503, 0.167596435546875, 0.167047119140625, 0.16660766601562502, 0.16638793945312502, 0.166278076171875, 0.16616821289062503, 0.16605834960937502, 0.16605834960937502, 0.16594848632812503, 0.16594848632812503, 0.16594848632812503, 0.16594848632812503, 0.16594848632812503, 0.16594848632812503, 0.16594848632812503, 0.16594848632812503, 0.16594848632812503, 0.16594848632812503, 0.16594848632812503, 0.16594848632812503, 0.16594848632812503, 0.16594848632812503, 0.16594848632812503, 0.16594848632812503, 0.16594848632812503], [0.16594848632812503, 0.16616821289062503, 0.166717529296875, 0.16770629882812502, 0.169134521484375, 0.171331787109375, 0.17440795898437497, 0.17825317382812503, 0.182208251953125, 0.184295654296875, 0.18308715820312502, 0.18001098632812504, 0.176605224609375, 0.173638916015625, 0.171331787109375, 0.169573974609375, 0.16836547851562503, 0.167596435546875, 0.167047119140625, 0.16660766601562502, 0.16638793945312502, 0.16616821289062503, 0.16616821289062503, 0.16605834960937502, 0.16594848632812503, 0.16594848632812503, 0.16594848632812503, 0.16594848632812503, 0.16594848632812503, 0.16594848632812503, 0.16594848632812503, 0.16594848632812503, 0.16594848632812503, 0.16594848632812503, 0.16594848632812503, 0.16594848632812503, 0.16594848632812503, 0.16594848632812503, 0.16594848632812503, 0.16594848632812503, 0.16594848632812503, 0.16594848632812503], [0.16594848632812503, 0.16616821289062503, 0.166717529296875, 0.16770629882812502, 0.169134521484375, 0.171331787109375, 0.17440795898437497, 0.17825317382812503, 0.182098388671875, 0.18418579101562502, 0.18308715820312502, 0.18001098632812504, 0.176605224609375, 0.173638916015625, 0.171331787109375, 0.169573974609375, 0.16836547851562503, 0.167596435546875, 0.167047119140625, 0.16660766601562502, 0.16638793945312502, 0.16616821289062503, 0.16616821289062503, 0.16605834960937502, 0.16594848632812503, 0.16594848632812503, 0.16594848632812503, 0.16594848632812503, 0.16594848632812503, 0.16594848632812503, 0.16594848632812503, 0.16594848632812503, 0.16594848632812503, 0.16594848632812503, 0.16594848632812503, 0.16594848632812503, 0.16594848632812503, 0.16594848632812503, 0.16594848632812503, 0.16594848632812503, 0.16594848632812503, 0.16594848632812503], [0.16594848632812503, 0.16616821289062503, 0.166717529296875, 0.16770629882812502, 0.169134521484375, 0.171331787109375, 0.17440795898437497, 0.17814331054687502, 0.182098388671875, 0.18418579101562502, 0.18308715820312502, 0.18001098632812504, 0.17649536132812502, 0.173529052734375, 0.171331787109375, 0.169573974609375, 0.16836547851562503, 0.167596435546875, 0.167047119140625, 0.16660766601562502, 0.16638793945312502, 0.16616821289062503, 0.16605834960937502, 0.16605834960937502, 0.16594848632812503, 0.16594848632812503, 0.16594848632812503, 0.16594848632812503, 0.16594848632812503, 0.16594848632812503, 0.16594848632812503, 0.16594848632812503, 0.16594848632812503, 0.16594848632812503, 0.16594848632812503, 0.16594848632812503, 0.16594848632812503, 0.16594848632812503, 0.16594848632812503, 0.16594848632812503, 0.16594848632812503, 0.16594848632812503], [0.16594848632812503, 0.16616821289062503, 0.166717529296875, 0.16770629882812502, 0.169134521484375, 0.171331787109375, 0.17440795898437497, 0.17814331054687502, 0.182098388671875, 0.18418579101562502, 0.18308715820312502, 0.18001098632812504, 0.17649536132812502, 0.173529052734375, 0.171331787109375, 0.169573974609375, 0.16836547851562503, 0.167596435546875, 0.167047119140625, 0.16660766601562502, 0.16638793945312502, 0.16616821289062503, 0.16605834960937502, 0.16605834960937502, 0.16594848632812503, 0.16594848632812503, 0.16594848632812503, 0.16594848632812503, 0.16594848632812503, 0.16594848632812503, 0.16594848632812503, 0.16594848632812503, 0.16594848632812503, 0.16594848632812503, 0.16594848632812503, 0.16594848632812503, 0.16594848632812503, 0.16594848632812503, 0.16594848632812503, 0.16594848632812503, 0.16594848632812503, 0.16594848632812503], [0.16594848632812503, 0.16616821289062503, 0.166717529296875, 0.16770629882812502, 0.169134521484375, 0.171331787109375, 0.17440795898437497, 0.17814331054687502, 0.182098388671875, 0.18418579101562502, 0.18308715820312502, 0.18001098632812504, 0.17649536132812502, 0.173529052734375, 0.171331787109375, 0.169573974609375, 0.16836547851562503, 0.167596435546875, 0.167047119140625, 0.16660766601562502, 0.16638793945312502, 0.16616821289062503, 0.16605834960937502, 0.16605834960937502, 0.16594848632812503, 0.16594848632812503, 0.16594848632812503, 0.16594848632812503, 0.16594848632812503, 0.16594848632812503, 0.16594848632812503, 0.16594848632812503, 0.16594848632812503, 0.16594848632812503, 0.16594848632812503, 0.16594848632812503, 0.16594848632812503, 0.16594848632812503, 0.16594848632812503, 0.16594848632812503, 0.16594848632812503, 0.16594848632812503], [0.16594848632812503, 0.16616821289062503, 0.166717529296875, 0.16770629882812502, 0.169134521484375, 0.171331787109375, 0.17440795898437497, 0.17814331054687502, 0.182098388671875, 0.18418579101562502, 0.18308715820312502, 0.18001098632812504, 0.17649536132812502, 0.173529052734375, 0.171331787109375, 0.169573974609375, 0.16836547851562503, 0.167596435546875, 0.167047119140625, 0.16660766601562502, 0.16638793945312502, 0.16616821289062503, 0.16605834960937502, 0.16605834960937502, 0.16594848632812503, 0.16594848632812503, 0.16594848632812503, 0.16594848632812503, 0.16594848632812503, 0.16594848632812503, 0.16594848632812503, 0.16594848632812503, 0.16594848632812503, 0.16594848632812503, 0.16594848632812503, 0.16594848632812503, 0.16594848632812503, 0.16594848632812503, 0.16594848632812503, 0.16594848632812503, 0.16594848632812503, 0.16594848632812503], [0.16594848632812503, 0.16616821289062503, 0.166717529296875, 0.16770629882812502, 0.169134521484375, 0.171331787109375, 0.17440795898437497, 0.17814331054687502, 0.182098388671875, 0.18418579101562502, 0.18308715820312502, 0.18001098632812504, 0.17649536132812502, 0.173529052734375, 0.171331787109375, 0.169573974609375, 0.16836547851562503, 0.167596435546875, 0.167047119140625, 0.16660766601562502, 0.16638793945312502, 0.16616821289062503, 0.16605834960937502, 0.16605834960937502, 0.16594848632812503, 0.16594848632812503, 0.16594848632812503, 0.16594848632812503, 0.16594848632812503, 0.16594848632812503, 0.16594848632812503, 0.16594848632812503, 0.16594848632812503, 0.16594848632812503, 0.16594848632812503, 0.16594848632812503, 0.16594848632812503, 0.16594848632812503, 0.16594848632812503, 0.16594848632812503, 0.16594848632812503, 0.16594848632812503], [0.16594848632812503, 0.16616821289062503, 0.166717529296875, 0.16770629882812502, 0.169134521484375, 0.171331787109375, 0.17440795898437497, 0.17814331054687502, 0.182098388671875, 0.18418579101562502, 0.18308715820312502, 0.18001098632812504, 0.17649536132812502, 0.173529052734375, 0.171331787109375, 0.169573974609375, 0.16836547851562503, 0.167596435546875, 0.167047119140625, 0.16660766601562502, 0.16638793945312502, 0.16616821289062503, 0.16605834960937502, 0.16605834960937502, 0.16594848632812503, 0.16594848632812503, 0.16594848632812503, 0.16594848632812503, 0.16594848632812503, 0.16594848632812503, 0.16594848632812503, 0.16594848632812503, 0.16594848632812503, 0.16594848632812503, 0.16594848632812503, 0.16594848632812503, 0.16594848632812503, 0.16594848632812503, 0.16594848632812503, 0.16594848632812503, 0.16594848632812503, 0.16594848632812503], [0.16594848632812503, 0.16616821289062503, 0.166717529296875, 0.16770629882812502, 0.169134521484375, 0.171331787109375, 0.17440795898437497, 0.17814331054687502, 0.182098388671875, 0.18418579101562502, 0.18308715820312502, 0.18001098632812504, 0.17649536132812502, 0.173529052734375, 0.171331787109375, 0.169573974609375, 0.16836547851562503, 0.167596435546875, 0.167047119140625, 0.16660766601562502, 0.16638793945312502, 0.16616821289062503, 0.16605834960937502, 0.16605834960937502, 0.16594848632812503, 0.16594848632812503, 0.16594848632812503, 0.16594848632812503, 0.16594848632812503, 0.16594848632812503, 0.16594848632812503, 0.16594848632812503, 0.16594848632812503, 0.16594848632812503, 0.16594848632812503, 0.16594848632812503, 0.16594848632812503, 0.16594848632812503, 0.16594848632812503, 0.16594848632812503, 0.16594848632812503, 0.16594848632812503], [0.16594848632812503, 0.16616821289062503, 0.166717529296875, 0.16770629882812502, 0.169134521484375, 0.171331787109375, 0.17440795898437497, 0.17814331054687502, 0.182098388671875, 0.18418579101562502, 0.18308715820312502, 0.18001098632812504, 0.17649536132812502, 0.173529052734375, 0.171331787109375, 0.169573974609375, 0.16836547851562503, 0.167596435546875, 0.167047119140625, 0.16660766601562502, 0.16638793945312502, 0.16616821289062503, 0.16605834960937502, 0.16605834960937502, 0.16594848632812503, 0.16594848632812503, 0.16594848632812503, 0.16594848632812503, 0.16594848632812503, 0.16594848632812503, 0.16594848632812503, 0.16594848632812503, 0.16594848632812503, 0.16594848632812503, 0.16594848632812503, 0.16594848632812503, 0.16594848632812503, 0.16594848632812503, 0.16594848632812503, 0.16594848632812503, 0.16594848632812503, 0.16594848632812503], [0.16594848632812503, 0.16616821289062503, 0.166717529296875, 0.16770629882812502, 0.169134521484375, 0.171331787109375, 0.17440795898437497, 0.17814331054687502, 0.182098388671875, 0.18418579101562502, 0.18308715820312502, 0.18001098632812504, 0.17649536132812502, 0.173529052734375, 0.171331787109375, 0.169573974609375, 0.16836547851562503, 0.167596435546875, 0.167047119140625, 0.16660766601562502, 0.16638793945312502, 0.16616821289062503, 0.16605834960937502, 0.16605834960937502, 0.16594848632812503, 0.16594848632812503, 0.16594848632812503, 0.16594848632812503, 0.16594848632812503, 0.16594848632812503, 0.16594848632812503, 0.16594848632812503, 0.16594848632812503, 0.16594848632812503, 0.16594848632812503, 0.16594848632812503, 0.16594848632812503, 0.16594848632812503, 0.16594848632812503, 0.16594848632812503, 0.16594848632812503, 0.16594848632812503], [0.16594848632812503, 0.16616821289062503, 0.166717529296875, 0.16770629882812502, 0.169134521484375, 0.171331787109375, 0.17440795898437497, 0.17814331054687502, 0.182098388671875, 0.18418579101562502, 0.18308715820312502, 0.18001098632812504, 0.17649536132812502, 0.173529052734375, 0.171331787109375, 0.169573974609375, 0.16836547851562503, 0.167596435546875, 0.167047119140625, 0.16660766601562502, 0.16638793945312502, 0.16616821289062503, 0.16605834960937502, 0.16605834960937502, 0.16594848632812503, 0.16594848632812503, 0.16594848632812503, 0.16594848632812503, 0.16594848632812503, 0.16594848632812503, 0.16594848632812503, 0.16594848632812503, 0.16594848632812503, 0.16594848632812503, 0.16594848632812503, 0.16594848632812503, 0.16594848632812503, 0.16594848632812503, 0.16594848632812503, 0.16594848632812503, 0.16594848632812503, 0.16594848632812503], [0.16594848632812503, 0.16616821289062503, 0.166717529296875, 0.16770629882812502, 0.169134521484375, 0.171331787109375, 0.17440795898437497, 0.17814331054687502, 0.182098388671875, 0.18418579101562502, 0.18308715820312502, 0.18001098632812504, 0.17649536132812502, 0.173529052734375, 0.171331787109375, 0.169573974609375, 0.16836547851562503, 0.167596435546875, 0.167047119140625, 0.16660766601562502, 0.16638793945312502, 0.16616821289062503, 0.16605834960937502, 0.16605834960937502, 0.16594848632812503, 0.16594848632812503, 0.16594848632812503, 0.16594848632812503, 0.16594848632812503, 0.16594848632812503, 0.16594848632812503, 0.16594848632812503, 0.16594848632812503, 0.16594848632812503, 0.16594848632812503, 0.16594848632812503, 0.16594848632812503, 0.16594848632812503, 0.16594848632812503, 0.16594848632812503, 0.16594848632812503, 0.16594848632812503]]
